7
1
2
12 0 1 2 0 -1
12 0 1 1 0 2
tilted_haar_y2
-5.298506e-004 0 -1
6.595238e-001 -5.746891e-001 
1
2
13 0 3 6 0 -1
14 0 1 6 0 3
haar_x3
2.737017e-003 0 -1
1.635847e-001 -7.352189e-001 
1
2
0 22 9 2 0 -1
3 22 3 2 0 3
haar_x3
-9.722505e-003 0 -1
8.563080e-001 -3.741830e-001 
1
2
15 13 2 2 0 -1
15 13 1 2 0 2
haar_x2
6.523698e-004 0 -1
1.856659e-001 -5.808190e-001 
1
3
0 15 2 6 0 -1
0 15 1 3 0 2
1 18 1 3 0 2
haar_x2_y2
7.289307e-004 0 -1
-5.059195e-001 8.051750e-001 
1
2
14 11 3 9 0 -1
15 11 1 9 0 3
haar_x3
-3.187428e-003 0 -1
-9.253998e-001 2.766173e-001 
1
2
8 4 6 4 0 -1
8 4 3 4 0 2
tilted_haar_x2
-1.994102e-002 0 -1
-4.467581e-001 8.550212e-001 
-8.116757e-001

17
-1
