7
1
2
9 15 3 6 0 -1
7 17 3 2 0 3
tilted_haar_y3
6.754738e-004 0 -1
-5.543479e-001 8.742859e-001 
1
2
2 0 21 8 0 -1
9 0 7 8 0 3
haar_x3
1.253273e-003 0 -1
-9.045545e-001 4.843385e-001 
1
3
3 21 16 2 0 -1
3 21 8 1 0 2
11 22 8 1 0 2
haar_x2_y2
-2.938023e-004 0 -1
7.148184e-001 -8.972790e-001 
1
2
17 0 1 2 0 -1
17 0 1 1 0 2
tilted_haar_x2
-3.675888e-004 0 -1
3.974920e-001 -8.259128e-001 
1
2
10 0 3 4 0 -1
10 0 3 2 0 2
tilted_haar_y2
-9.456646e-005 0 -1
8.018582e-001 -8.231610e-001 
1
2
3 18 20 6 0 -1
3 20 20 2 0 3
haar_y3
4.877045e-003 0 -1
-5.805307e-001 8.317603e-001 
1
2
0 4 6 10 0 -1
2 4 2 10 0 3
haar_x3
5.488403e-003 0 -1
-9.152094e-001 7.802141e-001 
-5.684552e-001

8
-1
