129
1
2
0 7 4 6 0 -1
0 10 4 3 0 2
haar_y2
1.842306e-003 0 -1
-8.674212e-001 7.304291e-001 
1
2
15 0 1 9 0 -1
12 3 1 3 0 3
tilted_haar_x3
5.123189e-004 0 -1
-9.498118e-001 3.359843e-001 
1
3
1 3 18 4 0 -1
1 3 9 2 0 2
10 5 9 2 0 2
haar_x2_y2
-6.524682e-004 0 -1
8.829096e-001 -8.821775e-001 
1
2
13 0 2 8 0 -1
11 2 2 4 0 2
tilted_haar_x4
1.929210e-003 0 -1
-8.052294e-001 3.612620e-001 
1
2
3 14 4 3 0 -1
4 14 2 3 0 2
haar_x4
5.970884e-005 0 -1
-9.294764e-001 8.499264e-001 
1
2
14 6 9 3 0 -1
17 7 3 1 0 9
haar_point
2.733232e-002 0 -1
-9.093859e-001 1.000000e+000 
1
2
0 1 2 14 0 -1
0 8 2 7 0 2
haar_y2
7.745520e-004 0 -1
-1.000000e+000 1.000003e+000 
1
2
22 0 2 1 0 -1
22 0 1 1 0 2
haar_x2
0.000000e+000 0 -1
0.000000e+000 -1.000000e+000 
1
3
0 2 10 14 0 -1
0 2 5 7 0 2
5 9 5 7 0 2
haar_x2_y2
-2.247003e-003 0 -1
1.000000e+000 -1.000000e+000 
1
2
16 8 4 6 0 -1
14 10 4 2 0 3
tilted_haar_x3
1.551083e-002 0 -1
-9.105661e-001 7.844818e-001 
1
2
0 0 7 8 0 -1
0 4 7 4 0 2
haar_y2
1.103122e-003 0 -1
-1.000000e+000 1.000002e+000 
1
2
22 0 2 1 0 -1
22 0 1 1 0 2
haar_x2
0.000000e+000 0 -1
0.000000e+000 -1.000000e+000 
1
3
0 0 6 6 0 -1
0 0 3 3 0 2
3 3 3 3 0 2
haar_x2_y2
5.498057e-004 0 -1
-1.000000e+000 1.000001e+000 
1
2
22 0 2 1 0 -1
22 0 1 1 0 2
haar_x2
0.000000e+000 0 -1
0.000000e+000 -1.000000e+000 
1
3
0 0 18 4 0 -1
0 0 9 2 0 2
9 2 9 2 0 2
haar_x2_y2
7.214164e-005 0 -1
-1.000000e+000 1.000000e+000 
1
2
22 0 2 1 0 -1
22 0 1 1 0 2
haar_x2
0.000000e+000 0 -1
0.000000e+000 -1.000000e+000 
1
3
0 20 22 2 0 -1
0 20 11 1 0 2
11 21 11 1 0 2
haar_x2_y2
-5.761546e-005 0 -1
1.000000e+000 -1.000000e+000 
1
2
14 7 6 6 0 -1
12 9 6 2 0 3
tilted_haar_x3
1.378146e-003 0 -1
-7.557610e-001 5.756342e-001 
1
2
0 12 3 2 0 -1
1 12 1 2 0 3
haar_x3
1.298550e-004 0 -1
-1.000000e+000 1.000001e+000 
1
2
21 0 3 1 0 -1
22 0 1 1 0 3
haar_x3
1.029371e-004 0 -1
-1.000000e+000 1.000000e+000 
1
2
0 0 2 1 0 -1
1 0 1 1 0 2
haar_x2
0.000000e+000 0 -1
0.000000e+000 -1.000000e+000 
1
2
21 1 3 3 0 -1
22 2 1 1 0 9
haar_point
-3.781026e-005 0 -1
1.000000e+000 -9.456582e-001 
1
2
0 0 12 8 0 -1
0 2 12 4 0 2
haar_y4
2.058743e-004 0 -1
-1.000000e+000 1.000000e+000 
1
2
22 0 2 4 0 -1
22 1 2 2 0 2
haar_y4
2.470491e-004 0 -1
-9.857841e-001 1.000000e+000 
1
2
0 0 2 1 0 -1
1 0 1 1 0 2
haar_x2
1.731400e-004 0 -1
-1.000000e+000 1.000000e+000 
1
2
22 0 2 1 0 -1
22 0 1 1 0 2
haar_x2
0.000000e+000 0 -1
0.000000e+000 -1.000000e+000 
1
3
0 0 8 2 0 -1
0 0 4 1 0 2
4 1 4 1 0 2
haar_x2_y2
3.347790e-004 0 -1
-1.000000e+000 9.999996e-001 
1
2
22 0 2 1 0 -1
22 0 1 1 0 2
haar_x2
9.265538e-005 0 -1
-1.000000e+000 1.000000e+000 
1
2
0 0 2 1 0 -1
1 0 1 1 0 2
haar_x2
0.000000e+000 0 -1
0.000000e+000 -1.000000e+000 
1
2
7 0 17 2 0 -1
7 1 17 1 0 2
haar_y2
1.323842e-003 0 -1
-1.000000e+000 1.000000e+000 
1
2
0 0 2 1 0 -1
1 0 1 1 0 2
haar_x2
0.000000e+000 0 -1
0.000000e+000 -1.000000e+000 
1
2
15 0 9 12 0 -1
18 4 3 4 0 9
haar_point
3.030780e-002 0 -1
-8.986155e-001 1.000000e+000 
1
3
0 0 2 4 0 -1
0 0 1 2 0 2
1 2 1 2 0 2
haar_x2_y2
-4.651199e-005 0 -1
1.000000e+000 -1.000000e+000 
1
2
18 0 6 24 0 -1
20 8 2 8 0 9
haar_point
1.527510e-004 0 -1
-8.279231e-001 9.999995e-001 
1
2
0 0 1 3 0 -1
0 1 1 1 0 3
haar_y3
4.168060e-004 0 -1
-1.000000e+000 1.000000e+000 
1
2
22 0 2 1 0 -1
22 0 1 1 0 2
haar_x2
0.000000e+000 0 -1
0.000000e+000 -1.000000e+000 
1
2
0 0 3 3 0 -1
0 1 3 1 0 3
haar_y3
-4.328499e-005 0 -1
1.000000e+000 -1.000000e+000 
1
2
23 5 1 8 0 -1
23 5 1 4 0 2
tilted_haar_x2
-1.086229e-003 0 -1
1.000000e+000 -9.625663e-001 
1
2
0 0 6 24 0 -1
2 8 2 8 0 9
haar_point
1.069257e-003 0 -1
-1.000000e+000 9.999998e-001 
1
3
22 0 2 4 0 -1
23 0 1 2 0 2
22 2 1 2 0 2
haar_x2_y2
-1.543726e-005 0 -1
1.000000e+000 -1.000000e+000 
1
2
0 0 1 6 0 -1
0 2 1 2 0 3
haar_y3
-2.597099e-004 0 -1
1.000000e+000 -1.000000e+000 
1
2
18 0 3 4 0 -1
19 0 1 4 0 3
haar_x3
8.556781e-005 0 -1
-7.848685e-001 1.000000e+000 
1
2
0 0 3 16 0 -1
0 4 3 8 0 2
haar_y4
-1.266290e-003 0 -1
1.000000e+000 -1.000000e+000 
1
2
15 0 1 14 0 -1
15 0 1 7 0 2
tilted_haar_x2
-8.696358e-004 0 -1
1.000000e+000 -9.661233e-001 
1
2
0 15 12 2 0 -1
0 16 12 1 0 2
haar_y2
-3.224743e-004 0 -1
1.000000e+000 -1.000000e+000 
1
2
21 10 3 2 0 -1
21 11 3 1 0 2
haar_y2
-7.214164e-005 0 -1
7.575706e-001 -7.270755e-001 
1
2
0 9 3 4 0 -1
0 11 3 2 0 2
haar_y2
1.634298e-003 0 -1
-8.861446e-001 9.795124e-001 
1
2
12 8 3 4 0 -1
11 9 3 2 0 2
tilted_haar_x4
-7.625173e-004 0 -1
1.000000e+000 -8.085004e-001 
1
2
10 7 6 6 0 -1
12 9 2 6 0 3
tilted_haar_x3
1.243034e-003 0 -1
-1.000000e+000 1.000001e+000 
1
2
14 1 8 8 0 -1
16 3 4 8 0 2
tilted_haar_y4
-1.816040e-003 0 -1
1.000000e+000 -9.287988e-001 
1
2
0 0 24 21 0 -1
8 7 8 7 0 9
haar_point
2.765587e-002 0 -1
-1.000000e+000 1.000000e+000 
1
2
10 0 14 2 0 -1
10 1 14 1 0 2
haar_y2
1.000974e-002 0 -1
-9.847426e-001 1.000000e+000 
1
2
0 0 2 1 0 -1
1 0 1 1 0 2
haar_x2
0.000000e+000 0 -1
0.000000e+000 -1.000000e+000 
1
2
18 0 6 24 0 -1
20 8 2 8 0 9
haar_point
2.190502e-002 0 -1
-1.000000e+000 1.000000e+000 
1
2
0 0 2 1 0 -1
1 0 1 1 0 2
haar_x2
0.000000e+000 0 -1
0.000000e+000 -1.000000e+000 
1
2
12 8 1 2 0 -1
12 9 1 1 0 2
haar_y2
3.088513e-005 0 -1
-1.000000e+000 1.000000e+000 
1
2
0 0 2 3 0 -1
0 1 2 1 0 3
haar_y3
5.559323e-004 0 -1
-1.000000e+000 1.000016e+000 
1
2
22 0 2 1 0 -1
22 0 1 1 0 2
haar_x2
0.000000e+000 0 -1
0.000000e+000 -1.000000e+000 
1
2
0 0 6 24 0 -1
2 8 2 8 0 9
haar_point
6.783694e-003 0 -1
-1.000000e+000 1.000000e+000 
1
2
22 0 2 4 0 -1
22 0 1 4 0 2
haar_x2
-7.091011e-003 0 -1
1.000000e+000 -1.000000e+000 
1
2
7 1 4 10 0 -1
8 1 2 10 0 2
haar_x4
1.298550e-004 0 -1
-1.000000e+000 1.000000e+000 
1
2
15 7 3 2 0 -1
15 7 3 1 0 2
tilted_haar_x2
-4.522328e-004 0 -1
1.000000e+000 -1.000000e+000 
1
3
0 5 18 10 0 -1
0 5 9 5 0 2
9 10 9 5 0 2
haar_x2_y2
-4.941620e-004 0 -1
1.000000e+000 -1.000000e+000 
1
3
15 2 8 10 0 -1
19 2 4 5 0 2
15 7 4 5 0 2
haar_x2_y2
-1.516948e-002 0 -1
1.000000e+000 -9.003772e-001 
1
2
4 4 2 1 0 -1
5 4 1 1 0 2
haar_x2
2.702248e-005 0 -1
-1.000000e+000 9.999988e-001 
1
2
17 1 1 10 0 -1
17 6 1 5 0 2
haar_y2
3.087452e-003 0 -1
-9.886799e-001 1.000000e+000 
1
2
0 0 4 7 0 -1
1 0 2 7 0 2
haar_x4
2.496325e-003 0 -1
-1.000000e+000 1.000045e+000 
1
2
22 0 2 1 0 -1
22 0 1 1 0 2
haar_x2
0.000000e+000 0 -1
0.000000e+000 -1.000000e+000 
1
2
0 0 10 8 0 -1
0 2 10 4 0 2
haar_y4
1.466539e-003 0 -1
-1.000000e+000 1.000001e+000 
1
2
22 0 2 1 0 -1
22 0 1 1 0 2
haar_x2
0.000000e+000 0 -1
0.000000e+000 -1.000000e+000 
1
2
2 0 3 2 0 -1
3 0 1 2 0 3
haar_x3
1.604600e-005 0 -1
-1.000000e+000 1.000001e+000 
1
2
22 0 2 3 0 -1
22 0 1 3 0 2
haar_x2
5.764480e-004 0 -1
-1.000000e+000 1.000000e+000 
1
2
0 0 2 1 0 -1
1 0 1 1 0 2
haar_x2
0.000000e+000 0 -1
0.000000e+000 -1.000000e+000 
1
3
20 0 4 8 0 -1
22 0 2 4 0 2
20 4 2 4 0 2
haar_x2_y2
1.155934e-003 0 -1
-9.334406e-001 1.000000e+000 
1
2
0 0 1 3 0 -1
0 1 1 1 0 3
haar_y3
5.091699e-004 0 -1
-1.000000e+000 1.000005e+000 
1
2
22 0 2 1 0 -1
22 0 1 1 0 2
haar_x2
0.000000e+000 0 -1
0.000000e+000 -1.000000e+000 
1
3
0 0 8 8 0 -1
0 0 4 4 0 2
4 4 4 4 0 2
haar_x2_y2
6.369643e-003 0 -1
-1.000000e+000 1.000001e+000 
1
3
22 0 2 2 0 -1
23 0 1 1 0 2
22 1 1 1 0 2
haar_x2_y2
-4.117486e-005 0 -1
1.000000e+000 -9.874582e-001 
1
2
0 0 9 15 0 -1
3 5 3 5 0 9
haar_point
-6.603228e-003 0 -1
1.000000e+000 -1.000000e+000 
1
2
2 12 22 12 0 -1
2 18 22 6 0 2
haar_y2
-1.626448e-002 0 -1
1.000000e+000 -9.069997e-001 
1
2
0 7 20 3 0 -1
0 8 20 1 0 3
haar_y3
2.161959e-004 0 -1
-1.000000e+000 1.000000e+000 
1
3
20 3 4 16 0 -1
22 3 2 8 0 2
20 11 2 8 0 2
haar_x2_y2
3.087452e-004 0 -1
-1.000000e+000 1.000000e+000 
1
2
0 0 2 1 0 -1
1 0 1 1 0 2
haar_x2
0.000000e+000 0 -1
0.000000e+000 -1.000000e+000 
1
2
22 0 2 1 0 -1
22 0 1 1 0 2
haar_x2
3.130657e-005 0 -1
-8.713885e-001 1.000000e+000 
1
2
0 0 3 2 0 -1
0 1 3 1 0 2
haar_y2
1.866957e-004 0 -1
-1.000000e+000 1.000009e+000 
1
2
22 0 2 1 0 -1
22 0 1 1 0 2
haar_x2
0.000000e+000 0 -1
0.000000e+000 -1.000000e+000 
1
2
0 0 17 18 0 -1
0 6 17 6 0 3
haar_y3
2.207528e-003 0 -1
-1.000000e+000 1.000001e+000 
1
2
20 0 4 8 0 -1
21 0 2 8 0 2
haar_x4
5.860589e-004 0 -1
-1.000000e+000 1.000000e+000 
1
2
0 0 2 1 0 -1
1 0 1 1 0 2
haar_x2
0.000000e+000 0 -1
0.000000e+000 -1.000000e+000 
1
2
18 1 1 14 0 -1
18 1 1 7 0 2
tilted_haar_x2
3.004103e-003 0 -1
-9.225761e-001 1.000000e+000 
1
2
0 0 8 1 0 -1
2 0 4 1 0 2
haar_x4
2.037785e-004 0 -1
-1.000000e+000 1.000007e+000 
1
2
22 0 2 1 0 -1
22 0 1 1 0 2
haar_x2
0.000000e+000 0 -1
0.000000e+000 -1.000000e+000 
1
2
7 1 4 10 0 -1
7 6 4 5 0 2
haar_y2
1.701461e-004 0 -1
-1.000000e+000 1.000001e+000 
1
2
21 0 3 4 0 -1
22 0 1 4 0 3
haar_x3
-9.131939e-004 0 -1
1.000000e+000 -9.999999e-001 
1
2
0 0 14 4 0 -1
0 2 14 2 0 2
haar_y2
1.116288e-003 0 -1
-1.000000e+000 9.999997e-001 
1
2
22 0 2 1 0 -1
22 0 1 1 0 2
haar_x2
0.000000e+000 0 -1
0.000000e+000 -1.000000e+000 
1
3
1 3 8 8 0 -1
1 3 4 4 0 2
5 7 4 4 0 2
haar_x2_y2
-2.702248e-005 0 -1
1.000000e+000 -1.000000e+000 
1
2
23 0 1 14 0 -1
23 0 1 7 0 2
tilted_haar_x2
-1.018119e-002 0 -1
1.000000e+000 -9.447241e-001 
1
2
1 3 10 1 0 -1
1 3 5 1 0 2
tilted_haar_x2
-1.107922e-003 0 -1
1.000000e+000 -9.999999e-001 
1
2
3 0 21 24 0 -1
10 8 7 8 0 9
haar_point
3.026167e-002 0 -1
-9.595810e-001 1.000000e+000 
1
2
1 5 18 1 0 -1
1 5 9 1 0 2
tilted_haar_x2
1.749847e-002 0 -1
-1.000000e+000 1.000005e+000 
1
2
22 0 2 1 0 -1
22 0 1 1 0 2
haar_x2
0.000000e+000 0 -1
0.000000e+000 -1.000000e+000 
1
2
0 0 15 4 0 -1
0 2 15 2 0 2
haar_y2
2.885296e-004 0 -1
-1.000000e+000 1.000000e+000 
1
2
22 0 2 1 0 -1
22 0 1 1 0 2
haar_x2
0.000000e+000 0 -1
0.000000e+000 -1.000000e+000 
1
2
0 0 21 24 0 -1
7 8 7 8 0 9
haar_point
1.923347e-002 0 -1
-1.000000e+000 1.000003e+000 
1
2
22 0 2 1 0 -1
22 0 1 1 0 2
haar_x2
0.000000e+000 0 -1
0.000000e+000 -1.000000e+000 
1
2
0 0 1 14 0 -1
0 7 1 7 0 2
haar_y2
5.091699e-005 0 -1
-1.000000e+000 1.000000e+000 
1
2
22 0 2 1 0 -1
22 0 1 1 0 2
haar_x2
0.000000e+000 0 -1
0.000000e+000 -1.000000e+000 
1
2
1 1 14 1 0 -1
1 1 7 1 0 2
tilted_haar_x2
-1.069257e-003 0 -1
1.000000e+000 -9.999999e-001 
1
2
18 1 6 2 0 -1
18 1 6 1 0 2
tilted_haar_x2
-6.638052e-004 0 -1
1.000000e+000 -9.703261e-001 
1
2
0 2 3 9 0 -1
0 5 3 3 0 3
haar_y3
-5.236040e-004 0 -1
1.000000e+000 -1.000000e+000 
1
2
3 0 21 18 0 -1
10 0 7 18 0 3
haar_x3
1.017396e-002 0 -1
-9.503353e-001 9.292348e-001 
1
2
0 18 16 2 0 -1
0 19 16 1 0 2
haar_y2
1.302461e-004 0 -1
-1.000000e+000 1.000008e+000 
1
2
22 0 2 1 0 -1
22 0 1 1 0 2
haar_x2
0.000000e+000 0 -1
0.000000e+000 -1.000000e+000 
1
2
2 9 3 3 0 -1
3 10 1 1 0 9
haar_point
1.623109e-004 0 -1
-1.000000e+000 1.000004e+000 
1
2
22 0 2 1 0 -1
22 0 1 1 0 2
haar_x2
0.000000e+000 0 -1
0.000000e+000 -1.000000e+000 
1
2
4 7 12 4 0 -1
4 8 12 2 0 2
haar_y4
-2.705182e-005 0 -1
1.000000e+000 -1.000000e+000 
1
2
6 14 17 6 0 -1
6 17 17 3 0 2
haar_y2
-2.373380e-003 0 -1
1.000000e+000 -9.788721e-001 
1
2
0 0 21 18 0 -1
7 0 7 18 0 3
haar_x3
1.988309e-003 0 -1
-1.000000e+000 1.000001e+000 
1
2
19 0 5 4 0 -1
19 1 5 2 0 2
haar_y4
-4.667063e-005 0 -1
1.000000e+000 -1.000000e+000 
1
2
8 4 1 6 0 -1
8 7 1 3 0 2
haar_y2
-2.943539e-004 0 -1
1.000000e+000 -1.000000e+000 
1
2
9 6 6 3 0 -1
11 7 2 1 0 9
haar_point
1.283680e-004 0 -1
-9.913491e-001 1.000000e+000 
1
2
1 2 6 1 0 -1
1 2 3 1 0 2
tilted_haar_x2
4.378862e-003 0 -1
-1.000000e+000 1.000195e+000 
1
2
22 0 2 1 0 -1
22 0 1 1 0 2
haar_x2
0.000000e+000 0 -1
0.000000e+000 -1.000000e+000 
1
2
4 0 14 2 0 -1
4 0 7 2 0 2
tilted_haar_x2
-1.369005e-003 0 -1
1.000000e+000 -1.000000e+000 
1
2
22 0 2 1 0 -1
22 0 1 1 0 2
haar_x2
0.000000e+000 0 -1
0.000000e+000 -1.000000e+000 
1
2
0 0 20 6 0 -1
5 0 10 6 0 2
haar_x4
3.305475e-003 0 -1
-1.000000e+000 1.000001e+000 
1
2
22 0 2 1 0 -1
22 0 1 1 0 2
haar_x2
-9.024124e-005 0 -1
-1.000000e+000 -1.000000e+000 
1
2
1 1 10 1 0 -1
1 1 5 1 0 2
tilted_haar_x2
-5.159522e-004 0 -1
1.000000e+000 -9.999999e-001 
-9.071435e-001

9
-1
