6
1
2
0 2 10 6 0 -1
5 2 5 6 0 2
haar_x2
3.198512e-002 0 -1
-5.794872e-001 6.815442e-001 
1
2
13 9 9 8 0 -1
13 11 9 4 0 2
haar_y4
2.214014e-002 0 -1
-5.416566e-001 5.579686e-001 
1
2
2 13 8 8 0 -1
2 17 8 4 0 2
haar_y2
-1.657082e-005 0 -1
5.725093e-001 -9.055775e-001 
1
2
0 3 24 2 0 -1
0 4 24 1 0 2
haar_y2
1.082598e-003 0 -1
-8.281723e-001 5.432256e-001 
1
3
6 4 10 6 0 -1
6 4 5 3 0 2
11 7 5 3 0 2
haar_x2_y2
1.323359e-004 0 -1
-8.749158e-001 6.038054e-001 
1
2
11 15 2 6 0 -1
11 18 2 3 0 2
haar_y2
-9.456646e-005 0 -1
4.631701e-001 -9.795417e-001 
-6.882927e-001

4
-1
