6
1
3
0 1 8 10 0 -1
0 1 4 5 0 2
4 6 4 5 0 2
haar_x2_y2
-2.644335e-002 0 -1
7.102087e-001 -3.604459e-001 
1
2
14 5 3 2 0 -1
15 5 1 2 0 3
haar_x3
-2.040107e-003 0 -1
-9.190173e-001 1.514980e-001 
1
2
2 3 4 2 0 -1
2 4 4 1 0 2
haar_y2
-2.674495e-004 0 -1
-8.910164e-001 2.511245e-001 
1
2
11 9 8 2 0 -1
13 9 4 2 0 2
haar_x4
-4.436370e-003 0 -1
4.382763e-001 -2.063337e-001 
1
2
3 20 16 4 0 -1
7 20 8 4 0 2
haar_x4
1.512988e-002 0 -1
-4.354876e-001 6.142025e-001 
1
2
15 14 3 5 0 -1
16 14 1 5 0 3
haar_x3
-1.826443e-003 0 -1
-6.361333e-001 2.041431e-001 
-3.955016e-001

11
-1
