7
1
2
6 10 1 3 0 -1
5 11 1 1 0 3
tilted_haar_y3
5.426794e-005 0 -1
-6.858239e-001 5.259551e-001 
1
2
5 6 18 8 0 -1
11 6 6 8 0 3
haar_x3
2.007533e-003 0 -1
-6.851409e-001 1.399314e-001 
1
2
8 0 5 2 0 -1
8 1 5 1 0 2
haar_y2
3.008966e-004 0 -1
-8.183307e-001 4.900640e-001 
1
2
13 19 5 4 0 -1
13 21 5 2 0 2
haar_y2
-2.146248e-004 0 -1
2.617761e-001 -8.618538e-001 
1
2
5 8 6 4 0 -1
4 9 6 2 0 2
tilted_haar_y4
2.764895e-003 0 -1
-7.545950e-001 4.822352e-001 
1
2
8 0 16 16 0 -1
12 0 8 16 0 2
haar_x4
8.030133e-004 0 -1
-6.889660e-001 6.688687e-002 
1
2
0 0 16 16 0 -1
4 0 8 16 0 2
haar_x4
3.843398e-002 0 -1
-7.794583e-001 6.430105e-001 
-8.768572e-001

6
-1
