7
1
2
10 9 12 1 0 -1
13 12 6 1 0 2
tilted_haar_x4
1.378020e-002 0 -1
-3.545124e-001 6.797847e-001 
1
2
12 0 3 10 0 -1
13 1 1 10 0 3
tilted_haar_y3
-1.523418e-003 0 -1
2.640307e-001 -1.774662e-001 
1
2
9 1 3 2 0 -1
10 1 1 2 0 3
haar_x3
8.485528e-004 0 -1
2.774906e-001 -9.152159e-001 
1
3
11 4 4 8 0 -1
13 4 2 4 0 2
11 8 2 4 0 2
haar_x2_y2
1.202253e-003 0 -1
-2.930472e-001 2.895911e-001 
1
2
3 7 15 8 0 -1
3 9 15 4 0 2
haar_y4
5.823492e-002 0 -1
-3.261784e-001 8.338469e-001 
1
3
11 4 4 8 0 -1
13 4 2 4 0 2
11 8 2 4 0 2
haar_x2_y2
-1.429852e-002 0 -1
-1.000000e+000 8.166414e-002 
1
3
9 4 4 8 0 -1
9 4 2 4 0 2
11 8 2 4 0 2
haar_x2_y2
2.007225e-003 0 -1
-4.237969e-001 7.336473e-001 
-6.332080e-001

13
-1
