10
1
2
0 0 24 20 0 -1
0 10 24 10 0 2
haar_y2
4.272228e-001 0 -1
-5.167944e-001 8.691776e-001 
1
2
21 1 2 15 0 -1
21 1 1 15 0 2
haar_x2
6.177025e-005 0 -1
-7.238086e-001 4.688744e-001 
1
2
1 14 11 4 0 -1
1 16 11 2 0 2
haar_y2
-6.240753e-004 0 -1
7.195566e-001 -9.426554e-001 
1
2
14 0 8 9 0 -1
16 2 4 9 0 2
tilted_haar_y4
2.165772e-002 0 -1
-6.722894e-001 3.150827e-001 
1
2
7 5 9 3 0 -1
10 6 3 1 0 9
haar_point
1.272400e-003 0 -1
-9.169363e-001 6.427807e-001 
1
3
6 5 14 8 0 -1
13 5 7 4 0 2
6 9 7 4 0 2
haar_x2_y2
-3.639790e-003 0 -1
2.973758e-001 -8.556569e-001 
1
2
1 0 2 16 0 -1
2 0 1 16 0 2
haar_x2
1.398710e-003 0 -1
-8.844633e-001 7.822717e-001 
1
2
13 9 1 4 0 -1
12 10 1 2 0 2
tilted_haar_x4
3.864389e-004 0 -1
-8.713524e-001 5.276675e-001 
1
2
3 0 16 19 0 -1
7 0 8 19 0 2
haar_x4
2.975700e-004 0 -1
-1.000000e+000 7.648450e-001 
1
2
9 0 15 24 0 -1
9 12 15 12 0 2
haar_y2
3.066860e-001 0 -1
-1.000000e+000 1.000000e+000 
-8.009571e-001

7
-1
